#month_cycle: used for the output of monthly result
252 31 #num_month_cycle len_month_cycle
2000 1 1 31 1 31
2000 2 1 29 32 60
2000 3 1 31 61 91
2000 4 1 30 92 121
2000 5 1 31 122 152
2000 6 1 30 153 182
2000 7 1 31 183 213
2000 8 1 31 214 244
2000 9 1 30 245 274
2000 10 1 31 275 305
2000 11 1 30 306 335
2000 12 1 31 336 366
2001 1 1 31 367 397
2001 2 1 28 398 425
2001 3 1 31 426 456
2001 4 1 30 457 486
2001 5 1 31 487 517
2001 6 1 30 518 547
2001 7 1 31 548 578
2001 8 1 31 579 609
2001 9 1 30 610 639
2001 10 1 31 640 670
2001 11 1 30 671 700
2001 12 1 31 701 731
2002 1 1 31 732 762
2002 2 1 28 763 790
2002 3 1 31 791 821
2002 4 1 30 822 851
2002 5 1 31 852 882
2002 6 1 30 883 912
2002 7 1 31 913 943
2002 8 1 31 944 974
2002 9 1 30 975 1004
2002 10 1 31 1005 1035
2002 11 1 30 1036 1065
2002 12 1 31 1066 1096
2003 1 1 31 1097 1127
2003 2 1 28 1128 1155
2003 3 1 31 1156 1186
2003 4 1 30 1187 1216
2003 5 1 31 1217 1247
2003 6 1 30 1248 1277
2003 7 1 31 1278 1308
2003 8 1 31 1309 1339
2003 9 1 30 1340 1369
2003 10 1 31 1370 1400
2003 11 1 30 1401 1430
2003 12 1 31 1431 1461
2004 1 1 31 1462 1492
2004 2 1 29 1493 1521
2004 3 1 31 1522 1552
2004 4 1 30 1553 1582
2004 5 1 31 1583 1613
2004 6 1 30 1614 1643
2004 7 1 31 1644 1674
2004 8 1 31 1675 1705
2004 9 1 30 1706 1735
2004 10 1 31 1736 1766
2004 11 1 30 1767 1796
2004 12 1 31 1797 1827
2005 1 1 31 1828 1858
2005 2 1 28 1859 1886
2005 3 1 31 1887 1917
2005 4 1 30 1918 1947
2005 5 1 31 1948 1978
2005 6 1 30 1979 2008
2005 7 1 31 2009 2039
2005 8 1 31 2040 2070
2005 9 1 30 2071 2100
2005 10 1 31 2101 2131
2005 11 1 30 2132 2161
2005 12 1 31 2162 2192
2006 1 1 31 2193 2223
2006 2 1 28 2224 2251
2006 3 1 31 2252 2282
2006 4 1 30 2283 2312
2006 5 1 31 2313 2343
2006 6 1 30 2344 2373
2006 7 1 31 2374 2404
2006 8 1 31 2405 2435
2006 9 1 30 2436 2465
2006 10 1 31 2466 2496
2006 11 1 30 2497 2526
2006 12 1 31 2527 2557
2007 1 1 31 2558 2588
2007 2 1 28 2589 2616
2007 3 1 31 2617 2647
2007 4 1 30 2648 2677
2007 5 1 31 2678 2708
2007 6 1 30 2709 2738
2007 7 1 31 2739 2769
2007 8 1 31 2770 2800
2007 9 1 30 2801 2830
2007 10 1 31 2831 2861
2007 11 1 30 2862 2891
2007 12 1 31 2892 2922
2008 1 1 31 2923 2953
2008 2 1 29 2954 2982
2008 3 1 31 2983 3013
2008 4 1 30 3014 3043
2008 5 1 31 3044 3074
2008 6 1 30 3075 3104
2008 7 1 31 3105 3135
2008 8 1 31 3136 3166
2008 9 1 30 3167 3196
2008 10 1 31 3197 3227
2008 11 1 30 3228 3257
2008 12 1 31 3258 3288
2009 1 1 31 3289 3319
2009 2 1 28 3320 3347
2009 3 1 31 3348 3378
2009 4 1 30 3379 3408
2009 5 1 31 3409 3439
2009 6 1 30 3440 3469
2009 7 1 31 3470 3500
2009 8 1 31 3501 3531
2009 9 1 30 3532 3561
2009 10 1 31 3562 3592
2009 11 1 30 3593 3622
2009 12 1 31 3623 3653
2010 1 1 31 3654 3684
2010 2 1 28 3685 3712
2010 3 1 31 3713 3743
2010 4 1 30 3744 3773
2010 5 1 31 3774 3804
2010 6 1 30 3805 3834
2010 7 1 31 3835 3865
2010 8 1 31 3866 3896
2010 9 1 30 3897 3926
2010 10 1 31 3927 3957
2010 11 1 30 3958 3987
2010 12 1 31 3988 4018
2011 1 1 31 4019 4049
2011 2 1 28 4050 4077
2011 3 1 31 4078 4108
2011 4 1 30 4109 4138
2011 5 1 31 4139 4169
2011 6 1 30 4170 4199
2011 7 1 31 4200 4230
2011 8 1 31 4231 4261
2011 9 1 30 4262 4291
2011 10 1 31 4292 4322
2011 11 1 30 4323 4352
2011 12 1 31 4353 4383
2012 1 1 31 4384 4414
2012 2 1 29 4415 4443
2012 3 1 31 4444 4474
2012 4 1 30 4475 4504
2012 5 1 31 4505 4535
2012 6 1 30 4536 4565
2012 7 1 31 4566 4596
2012 8 1 31 4597 4627
2012 9 1 30 4628 4657
2012 10 1 31 4658 4688
2012 11 1 30 4689 4718
2012 12 1 31 4719 4749
2013 1 1 31 4750 4780
2013 2 1 28 4781 4808
2013 3 1 31 4809 4839
2013 4 1 30 4840 4869
2013 5 1 31 4870 4900
2013 6 1 30 4901 4930
2013 7 1 31 4931 4961
2013 8 1 31 4962 4992
2013 9 1 30 4993 5022
2013 10 1 31 5023 5053
2013 11 1 30 5054 5083
2013 12 1 31 5084 5114
2014 1 1 31 5115 5145
2014 2 1 28 5146 5173
2014 3 1 31 5174 5204
2014 4 1 30 5205 5234
2014 5 1 31 5235 5265
2014 6 1 30 5266 5295
2014 7 1 31 5296 5326
2014 8 1 31 5327 5357
2014 9 1 30 5358 5387
2014 10 1 31 5388 5418
2014 11 1 30 5419 5448
2014 12 1 31 5449 5479
2015 1 1 31 5480 5510
2015 2 1 28 5511 5538
2015 3 1 31 5539 5569
2015 4 1 30 5570 5599
2015 5 1 31 5600 5630
2015 6 1 30 5631 5660
2015 7 1 31 5661 5691
2015 8 1 31 5692 5722
2015 9 1 30 5723 5752
2015 10 1 31 5753 5783
2015 11 1 30 5784 5813
2015 12 1 31 5814 5844
2016 1 1 31 5845 5875
2016 2 1 29 5876 5904
2016 3 1 31 5905 5935
2016 4 1 30 5936 5965
2016 5 1 31 5966 5996
2016 6 1 30 5997 6026
2016 7 1 31 6027 6057
2016 8 1 31 6058 6088
2016 9 1 30 6089 6118
2016 10 1 31 6119 6149
2016 11 1 30 6150 6179
2016 12 1 31 6180 6210
2017 1 1 31 6211 6241
2017 2 1 28 6242 6269
2017 3 1 31 6270 6300
2017 4 1 30 6301 6330
2017 5 1 31 6331 6361
2017 6 1 30 6362 6391
2017 7 1 31 6392 6422
2017 8 1 31 6423 6453
2017 9 1 30 6454 6483
2017 10 1 31 6484 6514
2017 11 1 30 6515 6544
2017 12 1 31 6545 6575
2018 1 1 31 6576 6606
2018 2 1 28 6607 6634
2018 3 1 31 6635 6665
2018 4 1 30 6666 6695
2018 5 1 31 6696 6726
2018 6 1 30 6727 6756
2018 7 1 31 6757 6787
2018 8 1 31 6788 6818
2018 9 1 30 6819 6848
2018 10 1 31 6849 6879
2018 11 1 30 6880 6909
2018 12 1 31 6910 6940
2019 1 1 31 6941 6971
2019 2 1 28 6972 6999
2019 3 1 31 7000 7030
2019 4 1 30 7031 7060
2019 5 1 31 7061 7091
2019 6 1 30 7092 7121
2019 7 1 31 7122 7152
2019 8 1 31 7153 7183
2019 9 1 30 7184 7213
2019 10 1 31 7214 7244
2019 11 1 30 7245 7274
2019 12 1 31 7275 7305
2020 1 1 31 7306 7336
2020 2 1 29 7337 7365
2020 3 1 31 7366 7396
2020 4 1 30 7397 7426
2020 5 1 31 7427 7457
2020 6 1 30 7458 7487
2020 7 1 31 7488 7518
2020 8 1 31 7519 7549
2020 9 1 30 7550 7579
2020 10 1 31 7580 7610
2020 11 1 30 7611 7640
2020 12 1 31 7641 7671
